Analyzing with device: cpu
Loading model from checkpoints/best_fold1.pth...
Building dataset...
Collecting logits for 220 samples...

 alpha |     T |    LogLoss
------------------------------
  1.00 |   0.5 |   0.165360
  1.00 |   0.8 |   0.224453
  1.00 |   1.0 |   0.267771
  1.00 |   1.2 |   0.307067
  1.00 |   1.5 |   0.356706
  1.05 |   0.5 |   0.162374
  1.05 |   0.8 |   0.216032
  1.05 |   1.0 |   0.257734
  1.05 |   1.2 |   0.296344
  1.05 |   1.5 |   0.345863
  1.10 |   0.5 |   0.160111
  1.10 |   0.8 |   0.208431
  1.10 |   1.0 |   0.248426
  1.10 |   1.2 |   0.286238
  1.10 |   1.5 |   0.335492
  1.15 |   0.5 |   0.158479
  1.15 |   0.8 |   0.201584
  1.15 |   1.0 |   0.239803
  1.15 |   1.2 |   0.276723
  1.15 |   1.5 |   0.325579
  1.20 |   0.5 |   0.157400
  1.20 |   0.8 |   0.195433
  1.20 |   1.0 |   0.231825
  1.20 |   1.2 |   0.267771
  1.20 |   1.5 |   0.316109

========================================
GOLDEN_COMBINATION: alpha=1.20, T=0.5
Minimal Val LogLoss: 0.157400
========================================
Expected LB Range: 0.147 ~ 0.187
